24,3
24,2
0,9
24,1
24,0
17,2
17,1
17,3
15,2
15,1
15,3
16,2
16,1
16,3
13,2
14,2
4,40
4,39
4,4
4,67
4,36
4,86
4,6
4,16
4,34
4,1
4,18
4,2
4,3
6,6
6,4
6,1
6,5
6,2
6,3
7,10
7,12
7,4
7,11
7,9
7,1
7,5
7,2
7,3
5,4
5,2
5,1
5,3
23,49
23,48
23,47
23,46
23,45
23,44
23,43
23,42
23,41
23,40
23,39
23,38
23,37
23,36
23,35
3,2
10,161
10,33
10,177
10,2
10,3
11,5
11,2
11,3
9,5
9,2
9,3
8,7
8,11
8,9
8,8
8,2
8,3
12,2
12,1
12,3
11,27
11,26
11,25
11,24
11,23
11,22
11,21
11,20
11,1
11,19
10,309
10,308
10,307
10,306
10,305
10,304
10,303
10,302
10,301
10,300
10,299
10,298
10,297
10,296
10,295
10,294
10,293
10,292
10,291
20,2
20,1
10,290
10,289
20,3
10,288
10,287
10,286
10,285
